RLCraft_DecentWitch,1028,1028,12368,12368
RLCraft_UndergroundRuin2,1023,1030,12363,12373
Tree_Oak_TheMushroomOak_v3,1019,1078,12420,12470
P_SeasidePort,1042,1070,12622,12647
ShrineSmallAir,1066,1074,12587,12595
StoneMazePath,1215,1217,12531,12533
StoneMazeEndChest,1215,1217,12534,12536
StoneMazePathBig,1218,1226,12528,12536
StoneMazePathBig,1218,1226,12537,12545
StoneMazePath,1206,1208,12534,12536
StoneMazePath,1227,1229,12531,12533
StoneMazePath,1215,1217,12528,12530
StoneMazeSpiderRoom,1227,1232,12537,12542
StoneMazePath,1230,1232,12531,12533
StoneMazePath,1212,1214,12528,12530
StoneMazePathBig,1218,1226,12519,12527
StoneMazePath,1206,1208,12537,12539
StoneMazeEndChest,1215,1217,12522,12524
StoneMazePathBig,1209,1217,12537,12545
StoneMazeFountain,1227,1235,12519,12527
StoneMazeShootingRange,1200,1205,12537,12545
StoneMazePath,1230,1232,12528,12530
StoneMazePath,1233,1235,12531,12533
StoneMazePath,1206,1208,12540,12542
StoneMazePath,1227,1229,12528,12530
StoneMazePath,1197,1199,12537,12539
StoneMazePath,1230,1232,12534,12536
StoneMazePath,1233,1235,12534,12536
StoneMazePath,1230,1232,12516,12518
StoneMazePath,1209,1211,12528,12530
StoneMazePath,1227,1229,12516,12518
StoneMazePath,1206,1208,12528,12530
StoneMazeLitRoom,1203,1208,12522,12527
StoneMazePath,1233,1235,12516,12518
StoneMazePath,1230,1232,12513,12515
StoneMazePath,1203,1205,12519,12521
StoneMazeFountain,1194,1202,12528,12536
StoneMazePath,1200,1202,12522,12524
StoneMazePath,1197,1199,12525,12527
StoneMazePath,1200,1202,12519,12521
StoneMazePath,1203,1205,12531,12533
StoneMazeLitRoom,1194,1199,12519,12524
StoneMazePath,1203,1205,12516,12518
StoneMazePath,1206,1208,12519,12521
StoneMazeLitRoom,1191,1196,12513,12518
StoneMazeShootingRange,1206,1211,12510,12518
StoneMazePath,1200,1202,12516,12518
StoneMazePath,1197,1199,12516,12518
StoneMazePath,1188,1190,12513,12515
StoneMazeEndChest,1203,1205,12513,12515
StoneMazePath,1191,1193,12510,12512
StoneMazePath,1200,1202,12525,12527
StoneMazePath,1194,1196,12525,12527
StoneMazePath,1197,1199,12513,12515
StoneMazePath,1191,1193,12519,12521
StoneMazePath,1188,1190,12516,12518
StoneMazePath,1191,1193,12522,12524
StoneMazePath,1188,1190,12510,12512
StoneMazePath,1233,1235,12528,12530
StoneMazePath,1212,1214,12516,12518
StoneMazePath,1230,1232,12510,12512
StoneMazePath,1188,1190,12519,12521
StoneMazePath,1203,1205,12528,12530
StoneMazePath,1209,1211,12522,12524
StoneMazeSpiderRoom,1188,1193,12525,12530
StoneMazeEndChest,1227,1229,12513,12515
StoneMazePath,1212,1214,12522,12524
StoneMazePath,1212,1214,12525,12527
StoneMazeEndChest,1215,1217,12525,12527
StoneMazePath,1197,1199,12510,12512
StoneMazePath,1200,1202,12513,12515
StoneMazeEndChest,1188,1190,12522,12524
StoneMazePath,1194,1196,12510,12512
StoneMazePath,1209,1211,12519,12521
StoneMazePath,1212,1214,12519,12521
StoneMazePath,1212,1214,12513,12515
StoneMazePath,1227,1229,12510,12512
StoneMazePath,1209,1211,12525,12527
StoneMazePath,1224,1226,12510,12512
StoneMazePath,1224,1226,12513,12515
StoneMazePath,1221,1223,12513,12515
StoneMazePagoda,1188,1235,12510,12557
