StonePlantMound2,1518,1531,13530,13542
RLCraft_DecentCaveSpider,1503,1503,13583,13583
RLCraft_UndergroundRuin3,1500,1508,13577,13585
BrickHenge,1458,1474,13596,13612
StoneBoulder,1458,1467,13789,13798
RLCraft_SmallUndergroundSkeleton,1420,1428,13614,13622
SpiderPit,1432,1441,13636,13646
StonePlantBoulder,1408,1418,13596,13606
ClayWaterMound,1389,1396,13726,13734
P_TreeDungeon,1362,1407,13791,13833
MysticalTree,1302,1318,13772,13787
StonePlantMound2,1364,1376,13636,13649
StonePlantBoulder,1310,1320,13662,13672
StoneBoulder,1285,1294,13576,13585
RLCraft_SmallUndergroundSkeleton,1281,1289,13602,13610
StonePlantMound4,1413,1420,13514,13521
StoneBoulder,1431,1440,13496,13505
ClayWaterMound1,1190,1201,13811,13821
SmallWoodenCottage1,1176,1187,13684,13690
StonePlantMound4,1156,1163,13751,13758
StonePlantMound3,1148,1159,13630,13639
StoneLeafMound,1155,1162,13809,13818
StoneLeafMound,1142,1151,13685,13692
