RLCraft_DecentWitch,1622,1622,12319,12319
RLCraft_UndergroundRuin2,1620,1627,12314,12324
RLCraft_DecentZombie,1746,1746,12366,12366
RLCraft_UndergroundRuin3,1740,1748,12363,12371
P_SmallShip,1725,1731,12461,12481
StoneMazeFountain,1769,1777,12485,12493
StoneMazePathBig,1772,1780,12470,12478
StoneMazePath,1772,1774,12482,12484
StoneMazeSpiderRoom,1778,1783,12485,12490
StoneMazePath,1772,1774,12479,12481
StoneMazePath,1769,1771,12482,12484
StoneMazePath,1775,1777,12479,12481
StoneMazePath,1775,1777,12482,12484
StoneMazePath,1778,1780,12482,12484
StoneMazePath,1769,1771,12473,12475
StoneMazePath,1769,1771,12479,12481
StoneMazePath,1766,1768,12473,12475
StoneMazeEndChest,1766,1768,12470,12472
StoneMazeEndChest,1766,1768,12479,12481
StoneMazePath,1769,1771,12470,12472
StoneMazePath,1769,1771,12476,12478
StoneMazePath,1766,1768,12476,12478
StoneMazeEndChest,1778,1780,12479,12481
StoneMazeSmall,1763,1786,12470,12493
ShrineSmallWater,1649,1657,12615,12623
