RLCraft_UndergroundFarm,2353,2396,13440,13482
StonePlantMound,2376,2381,13569,13574
RLCraft_DecentZombie,2460,2460,13612,13612
RLCraft_UndergroundRuin3,2458,2466,13607,13615
BlazeSpawnerCrystal,2473,2479,13350,13356
StoneMazePath,2488,2490,13422,13424
StoneMazeShootingRange,2482,2487,13422,13430
StoneMazeStudy,2482,2490,13443,13457
StoneMazePathBig,2467,2475,13434,13442
StoneMazePath,2479,2481,13422,13424
StoneMazeFountain,2476,2484,13434,13442
StoneMazeFountain,2494,2502,13431,13439
StoneMazePath,2479,2481,13431,13433
StoneMazePathBig,2494,2502,13440,13448
StoneMazeShootingRange,2473,2478,13425,13433
StoneMazePath,2470,2472,13431,13433
StoneMazePath,2485,2487,13437,13439
StoneMazePath,2470,2472,13428,13430
StoneMazePath,2491,2493,13434,13436
StoneMazePath,2476,2478,13422,13424
StoneMazePath,2485,2487,13434,13436
StoneMazePath,2488,2490,13449,13451
StoneMazePath,2497,2499,13449,13451
StoneMazeEndChest,2470,2472,13425,13427
StoneMazePath,2497,2499,13452,13454
StoneMazePath,2500,2502,13452,13454
StoneMazePath,2500,2502,13455,13457
StoneMazePath,2485,2487,13431,13433
StoneMazePath,2479,2481,13428,13430
StoneMazeEndChest,2500,2502,13449,13451
StoneMazePath,2485,2487,13440,13442
StoneMazePath,2491,2493,13449,13451
StoneMazePath,2491,2493,13431,13433
StoneMazePath,2494,2496,13452,13454
StoneMazePath,2467,2469,13428,13430
StoneMazePath,2467,2469,13425,13427
StoneMazePath,2467,2469,13431,13433
StoneMazeEndChest,2479,2481,13425,13427
StoneMazePath,2497,2499,13455,13457
StoneMazePath,2473,2475,13422,13424
StoneMazePath,2491,2493,13437,13439
StoneMazePath,2494,2496,13449,13451
StoneMazePath,2470,2472,13443,13445
StoneMazePath,2494,2496,13455,13457
StoneMazeEndChest,2491,2493,13446,13448
StoneMazePath,2491,2493,13440,13442
StoneMazePath,2491,2493,13443,13445
StoneMazePath,2467,2469,13422,13424
StoneMazePath,2470,2472,13422,13424
StoneMazeEndChest,2473,2475,13443,13445
StoneMazePath,2491,2493,13452,13454
StoneMazeEndChest,2467,2469,13443,13445
StoneMazePath,2491,2493,13428,13430
StoneMazePath,2488,2490,13428,13430
StoneMazePath,2488,2490,13434,13436
StoneMazePath,2488,2490,13440,13442
StoneMazePath,2494,2496,13428,13430
StoneMazePath,2488,2490,13437,13439
StoneMazeSpiderRoom,2497,2502,13425,13430
StoneMazePath,2470,2472,13446,13448
StoneMazePath,2470,2472,13449,13451
StoneMazePath,2488,2490,13431,13433
StoneMazePathBig,2473,2481,13446,13454
StoneMazePath,2476,2478,13455,13457
StoneMazeEndChest,2473,2475,13455,13457
StoneMaze,2467,2502,13422,13457
P_SmallShip,2555,2561,13451,13471
