P_RuinedHouse,2057,2082,4111,4128
RLCraft_BasicSkeleton,2070,2070,4180,4180
RLCraft_UndergroundRuin1,2064,2073,4177,4186
SmallWoodenCottage,2082,2090,4261,4272
VillageWoodMill,2225,2238,4262,4278
VillageTriplets,2246,2260,4231,4245
VillageInn,2246,2273,4266,4286
P_VillageFarmhouse,2281,2293,4269,4281
P_VillageLibrary,2249,2268,4299,4315
StoneBoulder,2353,2362,4162,4171
StonePlantMound1,2350,2356,4282,4288
StonePlantMound1,2376,2382,4163,4169
MesoMazeStairCorridor,2411,2413,4169,4174
MesoMazeGrowth,2405,2410,4169,4174
MesoMazePath,2405,2407,4175,4177
MesoMazePath,2408,2410,4175,4177
MesoMazePath,2402,2404,4175,4177
MesoMazePath,2411,2413,4175,4177
MesoMazePath,2411,2413,4178,4180
MesoMazePath,2408,2410,4178,4180
MesoMazePath,2402,2404,4172,4174
MesoMazePath,2402,2404,4175,4177
MesoMazePath,2399,2401,4175,4177
MesoMazeSpiderTurn,2396,2401,4169,4174
MesoMazeSpiderTurn,2393,2398,4175,4180
MesoMazePath,2399,2401,4178,4180
MesoMazePath,2402,2404,4172,4174
MesoMazeGrowth,2405,2410,4172,4177
MesoMazeStairCorridor,2402,2407,4178,4180
MesoMazePath,2411,2413,4175,4177
MesoMazePath,2411,2413,4178,4180
MesoMazePath,2408,2410,4178,4180
MesoMazePath,2402,2404,4169,4171
MesoMazePath,2393,2395,4172,4174
MesoMazePath,2402,2404,4169,4171
MesoMazePath,2393,2395,4169,4171
MesoMazeStairTurn,2405,2410,4150,4155
MesoMazePath,2405,2407,4147,4149
MesoMazePath,2402,2404,4150,4152
MesoMazePath,2402,2404,4153,4155
MesoMazeStairCorridor,2411,2413,4150,4155
MesoMazePath,2411,2413,4147,4149
MesoMazePath,2402,2404,4147,4149
MesoMazeSpiderTurn,2399,2404,4147,4152
MesoMazePath,2399,2401,4144,4146
MesoMazePath,2402,2404,4144,4146
MesoMazePath,2396,2398,4144,4146
MesoMazePath,2396,2398,4147,4149
SnakeTemple,2388,2418,4139,4185
SmallWoodenCottage2,2192,2200,4362,4370
RLCraft_BasicZombie,2186,2186,4390,4390
RLCraft_UndergroundRuin1,2180,2189,4384,4393
ClayWaterMound1,2306,2317,4417,4427
RLCraft_DecentSpider,2152,2152,4448,4448
RLCraft_UndergroundRuin3,2147,2155,4442,4450
RLCraft_xKOSMOS42,2188,2214,4438,4467
StonePlantMound3,2300,2311,4437,4446
DinosaurSkull,2057,2076,4348,4359
StoneMazePath,2070,2072,4421,4423
StoneMazeFountain,2055,2063,4421,4429
StoneMazePath,2070,2072,4418,4420
StoneMazePath,2058,2060,4418,4420
StoneMazePath,2055,2057,4418,4420
StoneMazeSpiderRoom,2061,2066,4415,4420
StoneMazeEndChest,2058,2060,4415,4417
StoneMazeShootingRange,2073,2078,4412,4420
StoneMazePath,2052,2054,4424,4426
StoneMazePath,2052,2054,4427,4429
StoneMazePath,2049,2051,4424,4426
StoneMazePath,2049,2051,4427,4429
StoneMazePath,2049,2051,4430,4432
StoneMazePath,2052,2054,4418,4420
StoneMazePath,2049,2051,4418,4420
StoneMazeEndChest,2049,2051,4421,4423
StoneMazeSpiderRoom,2052,2057,4430,4435
StoneMazePath,2052,2054,4415,4417
StoneMazeEndChest,2052,2054,4421,4423
StoneMazePath,2049,2051,4433,4435
StoneMazePath,2049,2051,4415,4417
StoneMazePath,2052,2054,4412,4414
StoneMazePath,2052,2054,4409,4411
StoneMazeLitRoom,2079,2084,4418,4423
StoneMazePath,2076,2078,4421,4423
StoneMazeLitRoom,2076,2081,4424,4429
StoneMazeSpiderRoom,2070,2075,4427,4432
StoneMazePath,2082,2084,4424,4426
StoneMazeEndChest,2073,2075,4421,4423
StoneMazePath,2076,2078,4430,4432
StoneMazePath,2082,2084,4427,4429
StoneMazeShootingRange,2052,2060,4403,4408
StoneMazePath,2076,2078,4433,4435
StoneMazePath,2052,2054,4400,4402
StoneMazePath,2079,2081,4415,4417
StoneMazePath,2085,2087,4418,4420
StoneMazePath,2055,2057,4415,4417
StoneMazePath,2079,2081,4430,4432
StoneMazePath,2049,2051,4445,4447
StoneMazePath,2082,2084,4415,4417
StoneMazeShootingRange,2046,2051,4400,4408
StoneMazePath,2085,2087,4424,4426
StoneMazePath,2055,2057,4409,4411
StoneMazeEndChest,2079,2081,4412,4414
StoneMazePath,2058,2060,4409,4411
StoneMazePath,2076,2078,4436,4438
StoneMazeEndChest,2055,2057,4412,4414
StoneMazePath,2085,2087,4415,4417
StoneMazePathBig,2061,2069,4406,4414
StoneMazePath,2079,2081,4433,4435
StoneMazeEndChest,2088,2090,4418,4420
StoneMazePath,2073,2075,4424,4426
StoneMazePath,2064,2066,4403,4405
StoneMazePath,2085,2087,4427,4429
StoneMazePath,2073,2075,4433,4435
StoneMazePath,2061,2063,4403,4405
StoneMazePath,2085,2087,4421,4423
StoneMazePath,2061,2063,4400,4402
StoneMazePath,2058,2060,4412,4414
StoneMazeLitRoom,2076,2081,4439,4444
StoneMazePath,2073,2075,4442,4444
StoneMazePath,2088,2090,4427,4429
StoneMazePath,2088,2090,4430,4432
StoneMazeStudy,2082,2090,4400,4414
StoneMazePath,2082,2084,4433,4435
StoneMazePath,2049,2051,4412,4414
StoneMazeLitRoom,2082,2087,4439,4444
StoneMazePath,2073,2075,4445,4447
StoneMazePath,2049,2051,4409,4411
StoneMazePath,2088,2090,4433,4435
StoneMazeLitRoom,2067,2072,4439,4444
StoneMazeEndChest,2064,2066,4442,4444
StoneMazePath,2079,2081,4445,4447
StoneMazePath,2073,2075,4439,4441
StoneMazePath,2076,2078,4445,4447
StoneMazePath,2088,2090,4442,4444
StoneMazePath,2079,2081,4436,4438
StoneMazePath,2085,2087,4433,4435
StoneMazePath,2082,2084,4436,4438
StoneMazePath,2088,2090,4406,4408
StoneMazePath,2067,2069,4445,4447
StoneMazePath,2088,2090,4445,4447
StoneMazePath,2070,2072,4445,4447
StoneMazePath,2067,2069,4436,4438
StoneMazePath,2055,2057,4400,4402
StoneMazeSpiderRoom,2064,2069,4430,4435
StoneMazePath,2067,2069,4403,4405
StoneMazePath,2064,2066,4436,4438
StoneMazePath,2088,2090,4439,4441
StoneMazePath,2082,2084,4445,4447
StoneMazePath,2085,2087,4436,4438
StoneMazePath,2070,2072,4424,4426
StoneMazeEndChest,2088,2090,4436,4438
StoneMazePath,2085,2087,4445,4447
StoneMazePath,2061,2063,4436,4438
StoneMazePath,2085,2087,4430,4432
StoneMazePath,2061,2063,4439,4441
StoneMazePath,2058,2060,4439,4441
StoneMazeEndChest,2082,2084,4430,4432
StoneMazePath,2061,2063,4442,4444
StoneMazeSpiderRoom,2052,2057,4439,4444
StoneMazePath,2061,2063,4445,4447
StoneMazePath,2064,2066,4439,4441
StoneMazePath,2070,2072,4403,4405
StoneMazePath,2073,2075,4436,4438
StoneMazePath,2064,2066,4445,4447
StoneMazePath,2052,2054,4445,4447
StoneMazePath,2070,2072,4400,4402
StoneMazePath,2055,2057,4445,4447
StoneMazePath,2058,2060,4445,4447
StoneMazePath,2067,2069,4400,4402
StoneMazePath,2064,2066,4400,4402
StoneMazePath,2070,2072,4406,4408
StoneMazePath,2073,2075,4403,4405
StoneMazeEndChest,2058,2060,4442,4444
StoneMazePath,2073,2075,4406,4408
StoneMazePath,2070,2072,4436,4438
StoneMazeSpiderRoom,2076,2081,4403,4408
StoneMazePath,2070,2072,4433,4435
StoneMazePath,2070,2072,4409,4411
StoneMazePath,2070,2072,4412,4414
StoneMazePath,2061,2063,4433,4435
StoneMazePath,2073,2075,4409,4411
StoneMazeEndChest,2061,2063,4430,4432
StoneMazePath,2070,2072,4415,4417
StoneMazePath,2067,2069,4415,4417
StoneMazePath,2076,2078,4409,4411
StoneMazeEndChest,2079,2081,4409,4411
StoneMazePagoda,2043,2090,4400,4447
StonePlantMound2,2455,2467,4220,4233
ShrineSmallFire,2459,2469,4204,4214
StonePlantMound1,2409,2415,4495,4501
WoodWallRemains,2465,2493,4383,4391
StoneLeafMound,2400,2407,4511,4520
SmallWoodenCottage,2455,2463,4513,4524
StonePlantMound3,2405,2416,4531,4540
StonePlantBoulder,2514,2524,4347,4357
StoneLeafMound,2516,2523,4331,4340
ClayWaterMound,2541,2549,4501,4508
StonePlantMound1,2530,2536,4160,4166
StonePlantMound,2532,2537,4117,4122
