ShrineSmallFire,3007,3017,11629,11639
HobbitHole,2814,2886,11555,11652
StoneMazePathBig,2852,2860,11490,11498
StoneMazePath,2867,2869,11535,11537
StoneMazeLitRoom,2867,2872,11529,11534
StoneMazePath,2870,2872,11526,11528
StoneMazeStudy,2870,2884,11514,11522
StoneMazePath,2870,2872,11535,11537
StoneMazePath,2873,2875,11526,11528
StoneMazePath,2876,2878,11514,11516
StoneMazeEndChest,2873,2875,11523,11525
StoneMazePath,2873,2875,11532,11534
StoneMazePath,2876,2878,11526,11528
StoneMazePath,2867,2869,11526,11528
StoneMazePath,2873,2875,11529,11531
StoneMazePath,2876,2878,11529,11531
StoneMazePath,2879,2881,11529,11531
StoneMazePath,2879,2881,11526,11528
StoneMazeShootingRange,2861,2869,11520,11525
StoneMazePath,2876,2878,11532,11534
StoneMazeSpiderRoom,2864,2869,11514,11519
StoneMazePath,2864,2866,11532,11534
StoneMazePath,2861,2863,11493,11495
StoneMazePath,2882,2884,11529,11531
StoneMazePathBig,2837,2845,11511,11519
StoneMazePath,2876,2878,11523,11525
StoneMazeEndChest,2870,2872,11523,11525
StoneMazeEndChest,2864,2866,11526,11528
StoneMazePath,2879,2881,11532,11534
StoneMazeShootingRange,2858,2863,11526,11534
StoneMazePath,2855,2857,11532,11534
StoneMazePath,2861,2863,11496,11498
StoneMazePath,2855,2857,11535,11537
StoneMazeStudy,2846,2860,11511,11519
StoneMazePath,2879,2881,11535,11537
StoneMazePath,2852,2854,11535,11537
StoneMazeEndChest,2861,2863,11490,11492
StoneMazePath,2873,2875,11535,11537
StoneMazeEndChest,2864,2866,11529,11531
StoneMazePath,2852,2854,11517,11519
StoneMazePath,2876,2878,11511,11513
StoneMazePath,2882,2884,11526,11528
StoneMazePathBig,2837,2845,11502,11510
StoneMazePath,2849,2851,11535,11537
StoneMazePath,2840,2842,11499,11501
StoneMazePath,2846,2848,11535,11537
StoneMazeEndChest,2858,2860,11535,11537
StoneMazePath,2864,2866,11493,11495
StoneMazeLitRoom,2873,2878,11505,11510
StoneMazePath,2873,2875,11511,11513
StoneMazePath,2873,2875,11502,11504
StoneMazeShootingRange,2840,2845,11529,11537
StoneMazePath,2879,2881,11511,11513
StoneMazePathBig,2849,2857,11520,11528
StoneMazeEndChest,2843,2845,11499,11501
StoneMazePath,2870,2872,11502,11504
StoneMazePath,2873,2875,11499,11501
StoneMazePath,2870,2872,11499,11501
StoneMazePath,2837,2839,11535,11537
StoneMazePath,2870,2872,11508,11510
StoneMazePath,2870,2872,11505,11507
StoneMazePath,2867,2869,11502,11504
StoneMazePath,2867,2869,11508,11510
StoneMazePath,2846,2848,11505,11507
StoneMazePath,2879,2881,11505,11507
StoneMazePath,2867,2869,11505,11507
StoneMazeEndChest,2867,2869,11511,11513
StoneMazePath,2879,2881,11502,11504
StoneMazePath,2864,2866,11496,11498
StoneMazePath,2876,2878,11502,11504
StoneMazeEndChest,2858,2860,11523,11525
StoneMazePath,2864,2866,11490,11492
StoneMazePath,2882,2884,11505,11507
StoneMazePath,2846,2848,11523,11525
StoneMazePath,2870,2872,11511,11513
StoneMazeEndChest,2876,2878,11499,11501
StoneMazeLitRoom,2867,2872,11493,11498
StoneMazePath,2867,2869,11490,11492
StoneMazePath,2864,2866,11499,11501
StoneMazePath,2879,2881,11508,11510
StoneMazeEndChest,2846,2848,11520,11522
StoneMazePath,2837,2839,11532,11534
StoneMazeEndChest,2882,2884,11502,11504
StoneMazeSpiderRoom,2837,2842,11493,11498
StoneMazePathBig,2849,2857,11502,11510
StoneMazePath,2867,2869,11499,11501
StoneMazePath,2843,2845,11523,11525
StoneMazePath,2852,2854,11499,11501
StoneMazePath,2849,2851,11499,11501
StoneMazePath,2873,2875,11496,11498
StoneMazePath,2861,2863,11499,11501
StoneMazePath,2837,2839,11529,11531
StoneMazeFountain,2858,2866,11502,11510
StoneMazeEndChest,2843,2845,11520,11522
StoneMazePath,2837,2839,11526,11528
StoneMazePath,2873,2875,11493,11495
StoneMazePath,2837,2839,11523,11525
StoneMazeEndChest,2870,2872,11490,11492
StoneMazePath,2840,2842,11523,11525
StoneMazeEndChest,2840,2842,11526,11528
StoneMazeEndChest,2876,2878,11496,11498
StoneMazePath,2843,2845,11526,11528
StoneMazePath,2840,2842,11520,11522
StoneMazePath,2837,2839,11520,11522
StoneMazeEndChest,2873,2875,11490,11492
StoneMazeEndChest,2846,2848,11526,11528
StoneMazeBig,2837,2884,11490,11537
RLCraft_DecentCaveSpider,2905,2905,11499,11499
RLCraft_UndergroundRuin2,2900,2910,11497,11504
P_SmallShip,2665,2685,11574,11580
