StoneMazePath,3472,3474,7064,7066
StoneMazePathBig,3466,3474,7031,7039
StoneMazeShootingRange,3466,3471,7058,7066
StoneMazePathBig,3484,3492,7043,7051
StoneMazePath,3457,3459,7043,7045
StoneMazeLitRoom,3460,3465,7040,7045
StoneMazePath,3460,3462,7037,7039
StoneMazePath,3457,3459,7040,7042
StoneMazePath,3460,3462,7046,7048
StoneMazePath,3463,3465,7046,7048
StoneMazeShootingRange,3460,3465,7058,7066
StoneMazePath,3457,3459,7046,7048
StoneMazeEndChest,3457,3459,7037,7039
StoneMazePath,3487,3489,7040,7042
StoneMazePath,3487,3489,7052,7054
StoneMazePath,3466,3468,7043,7045
StoneMazeSpiderRoom,3481,3486,7052,7057
StoneMazePath,3475,3477,7034,7036
StoneMazePath,3466,3468,7046,7048
StoneMazePath,3481,3483,7046,7048
StoneMazePathBig,3469,3477,7043,7051
StoneMazePath,3484,3486,7040,7042
StoneMazePath,3463,3465,7037,7039
StoneMazePath,3463,3465,7034,7036
StoneMazePath,3466,3468,7049,7051
StoneMazeSpiderRoom,3487,3492,7055,7060
StoneMazePath,3478,3480,7046,7048
StoneMazePath,3466,3468,7052,7054
StoneMazePath,3487,3489,7037,7039
StoneMazePath,3481,3483,7040,7042
StoneMazePath,3466,3468,7040,7042
StoneMazePath,3487,3489,7034,7036
StoneMazePath,3487,3489,7031,7033
StoneMazePath,3484,3486,7031,7033
StoneMazePath,3481,3483,7049,7051
StoneMazePath,3475,3477,7037,7039
StoneMazePath,3490,3492,7031,7033
StoneMazePath,3463,3465,7031,7033
StoneMazePath,3469,3471,7052,7054
StoneMazeEndChest,3490,3492,7034,7036
StoneMazePath,3490,3492,7052,7054
StoneMazePath,3469,3471,7040,7042
StoneMazePath,3460,3462,7031,7033
StoneMazePath,3484,3486,7034,7036
StoneMazePath,3460,3462,7034,7036
StoneMazePath,3481,3483,7034,7036
StoneMazePath,3457,3459,7034,7036
StoneMazeEndChest,3490,3492,7040,7042
StoneMazePath,3478,3480,7034,7036
StoneMazePath,3478,3480,7040,7042
StoneMazeEndChest,3457,3459,7031,7033
StoneMazePath,3457,3459,7064,7066
StoneMazePath,3460,3462,7049,7051
StoneMazePath,3478,3480,7043,7045
StoneMazePath,3478,3480,7031,7033
StoneMazePath,3472,3474,7052,7054
StoneMazePath,3472,3474,7040,7042
StoneMazePath,3475,3477,7040,7042
StoneMazePath,3457,3459,7061,7063
StoneMazePath,3490,3492,7037,7039
StoneMazePath,3481,3483,7043,7045
StoneMazePath,3484,3486,7037,7039
StoneMazePath,3481,3483,7037,7039
StoneMazePath,3478,3480,7037,7039
StoneMazePath,3472,3474,7055,7057
StoneMazeSpiderRoom,3472,3477,7058,7063
StoneMazePath,3460,3462,7052,7054
StoneMazePath,3475,3477,7055,7057
StoneMazePath,3457,3459,7052,7054
StoneMazePath,3463,3465,7052,7054
StoneMazePath,3475,3477,7052,7054
StoneMazePath,3457,3459,7058,7060
StoneMazePath,3457,3459,7055,7057
StoneMazePath,3460,3462,7055,7057
StoneMazePath,3478,3480,7052,7054
StoneMazeEndChest,3481,3483,7031,7033
StoneMazeEndChest,3478,3480,7049,7051
StoneMazePath,3463,3465,7055,7057
StoneMaze,3457,3492,7031,7066
RLCraft_BasicZombie,3441,3441,6885,6885
RLCraft_UndergroundRuin1,3438,3447,6882,6891
