RLCraft_DecentWitch,3603,3603,4026,4026
RLCraft_UndergroundRuin3,3601,3609,4021,4029
ShrineSmallAir,3651,3659,4060,4068
StoneMazePathBig,3633,3641,3990,3998
StoneMazeFountain,3633,3641,3999,4007
StoneMazePath,3639,3641,4023,4025
StoneMazePath,3657,3659,4005,4007
StoneMazePath,3636,3638,4008,4010
StoneMazePath,3639,3641,4008,4010
StoneMazeStudy,3651,3659,3999,4013
StoneMazePath,3636,3638,4011,4013
StoneMazePath,3654,3656,4014,4016
StoneMazeSpiderRoom,3636,3641,4017,4022
StoneMazePathBig,3624,3632,3999,4007
StoneMazePath,3642,3644,4023,4025
StoneMazePath,3639,3641,4011,4013
StoneMazeEndChest,3657,3659,4014,4016
StoneMazeEndChest,3636,3638,4014,4016
StoneMazePath,3627,3629,3996,3998
StoneMazePath,3630,3632,3996,3998
StoneMazePath,3642,3644,4020,4022
StoneMazeStudy,3624,3632,4008,4022
StoneMazePath,3624,3626,4014,4016
StoneMazePath,3639,3641,4014,4016
StoneMazePath,3636,3638,4023,4025
StoneMazePathBig,3651,3659,4017,4025
StoneMazePath,3648,3650,4020,4022
StoneMazePath,3642,3644,4014,4016
StoneMazePath,3642,3644,4011,4013
StoneMazePath,3642,3644,4017,4019
StoneMazePath,3624,3626,3996,3998
StoneMazePath,3624,3626,3993,3995
StoneMazePath,3627,3629,3993,3995
StoneMazePath,3645,3647,4011,4013
StoneMazePath,3648,3650,4017,4019
StoneMazePath,3648,3650,4014,4016
StoneMazePath,3645,3647,4014,4016
StoneMazePath,3645,3647,4008,4010
StoneMazePath,3645,3647,4017,4019
StoneMazePath,3630,3632,3993,3995
StoneMazeSpiderRoom,3642,3647,4002,4007
StoneMazeEndChest,3651,3653,4014,4016
StoneMazePath,3630,3632,3990,3992
StoneMazePath,3627,3629,3990,3992
StoneMazeEndChest,3624,3626,3990,3992
StoneMazePath,3645,3647,4020,4022
StoneMazePath,3645,3647,4023,4025
StoneMazePath,3648,3650,4023,4025
StoneMaze,3624,3659,3990,4025
PeacefulCrypt,3630,3646,3904,3928
